"date","state","positive","negative","pending","hospitalizedCurrently","hospitalizedCumulative","inIcuCurrently","inIcuCumulative","onVentilatorCurrently","onVentilatorCumulative","recovered","dataQualityGrade","lastUpdateEt","hash","dateChecked","death","hospitalized","total","totalTestResults","posNeg","fips","deathIncrease","hospitalizedIncrease","negativeIncrease","positiveIncrease","totalTestResultsIncrease"
20200527,"TX",57921,797753,NA,1645,NA,NA,NA,NA,NA,37626,"B","5/27/2020 16:40","c348ed067ec1a15ee93fa85e8aef7910c4da5a85","2020-05-27T20:00:00Z",1562,NA,855674,855674,855674,48,26,0,33080,1361,34441
20200526,"TX",56560,764673,NA,1534,NA,NA,NA,NA,NA,36375,"B","5/26/2020 17:00","43f349e06ae22b77f2ffe0c4947a8894ab439877","2020-05-26T20:00:00Z",1536,NA,821233,821233,821233,48,9,0,14990,589,15579
20200525,"TX",55971,749683,NA,1511,NA,NA,NA,NA,NA,35292,"B","5/25/2020 04:30","67090fbf1dbc9080e64c0543f0b674e3b55172a7","2020-05-25T20:00:00Z",1527,NA,805654,805654,805654,48,21,0,41486,623,42109
20200524,"TX",55348,708197,NA,1572,NA,NA,NA,NA,NA,33385,"B","5/23/2020 04:45","1d657876d60d0d5bed266fa3c0afedeaf07ce41e","2020-05-24T20:00:00Z",1506,NA,763545,763545,763545,48,0,0,0,839,839
20200523,"TX",54509,708197,NA,1688,NA,NA,NA,NA,NA,32277,"B","5/22/2020 17:00","d960480252322ed377682d0e4589b8c9206226f7","2020-05-23T20:00:00Z",1506,NA,762706,762706,762706,48,26,0,20284,1060,21344
20200522,"TX",53449,687913,NA,1578,NA,NA,NA,NA,NA,31223,"B","5/21/2020 17:55","18420710e4f014e795c2f3cb6dcf89cedff5375d","2020-05-22T20:00:00Z",1480,NA,741362,741362,741362,48,40,0,0,1181,1181
20200521,"TX",52268,687913,NA,1680,NA,NA,NA,NA,NA,30341,"B","5/20/2020 16:50","afa354697cd24b89805710f7a9b5fbfc00d1b038","2020-05-21T20:00:00Z",1440,NA,740181,740181,740181,48,21,0,18308,945,19253
20200520,"TX",51323,669605,NA,1791,NA,NA,NA,NA,NA,30341,"B","5/19/2020 16:50","e08936667ad336eed0d6b81f170b7ed49167440e","2020-05-20T20:00:00Z",1419,NA,720928,720928,720928,48,50,0,19371,1411,20782
20200519,"TX",49912,650234,NA,1732,NA,NA,NA,NA,NA,29359,"A","5/19/2020 16:50","92e5c7b09ddf973c465c1fea3fb28f7801109075","2020-05-19T20:00:00Z",1369,NA,700146,700146,700146,48,22,0,19082,1219,20301
20200518,"TX",48693,631152,NA,1551,NA,NA,NA,NA,NA,28371,"A","5/18/2020 16:25","90ff8b922079b122a5819f4b1a240d7b98706490","2020-05-18T20:00:00Z",1347,NA,679845,679845,679845,48,11,0,28581,909,29490
20200517,"TX",47784,602571,NA,1512,NA,NA,NA,NA,NA,27570,"A","5/17/2020 16:15","247bb8019873ab8d0666f832f929bc0d7db59ec5","2020-05-17T20:00:00Z",1336,NA,650355,650355,650355,48,31,0,10831,785,11616
20200516,"TX",46999,591740,NA,1791,NA,NA,NA,NA,NA,26601,"A","5/15/2020 16:15","6f4ebb63eb3a884d913ab43c9e3dbf27c0e2717b","2020-05-16T20:00:00Z",1305,NA,638739,638739,638739,48,33,0,27308,1801,29109
20200515,"TX",45198,564432,NA,1716,NA,NA,NA,NA,NA,25454,"A","5/15/2020 16:15","7aa2708c1bcec5f1cce69bdb205c78fa42b62a94","2020-05-15T20:00:00Z",1272,NA,609630,609630,609630,48,56,0,20970,1347,22317
20200514,"TX",43851,543462,NA,1648,NA,NA,NA,NA,NA,24487,"A","5/14/2020 16:30","c4e4592c1cede9e560fcec0f1d8633ebee8f8688","2020-05-14T20:00:00Z",1216,NA,587313,587313,587313,48,58,0,29089,1448,30537
20200513,"TX",42403,514373,NA,1676,NA,NA,NA,NA,NA,23519,"A","5/13/2020 16:20","8acbaee9922c98c560d0c617b6a3d776886fa771","2020-05-13T20:00:00Z",1158,NA,556776,556776,556776,48,25,0,17249,1355,18604
20200512,"TX",41048,497124,NA,1725,NA,NA,NA,NA,NA,22674,"A","5/11/2020 16:25","11b70727dc1782af8dae590db1e184305ba794d7","2020-05-12T20:00:00Z",1133,NA,538172,538172,538172,48,33,0,11296,1179,12475
20200511,"TX",39869,485828,NA,1525,NA,NA,NA,NA,NA,21713,"B","5/10/2020 16:35","14400b4f7e9ed0cdc8479e35757aa0364baa0578","2020-05-11T20:00:00Z",1100,NA,525697,525697,525697,48,12,0,22921,1000,23921
20200510,"TX",38869,462907,NA,1626,NA,NA,NA,NA,NA,21022,"B","5/10/2020 16:35","60657a7921f91150194620b537c6c67f05172295","2020-05-10T20:00:00Z",1088,NA,501776,501776,501776,48,39,0,11473,1009,12482
20200509,"TX",37860,451434,NA,1735,NA,NA,NA,NA,NA,20141,"B","5/9/2020 13:15","deeecea989a19b1e2c2f50a4fa57cec56a0ec1c2","2020-05-09T20:00:00Z",1049,NA,489294,489294,489294,48,45,0,10925,1251,12176
20200508,"TX",36609,440509,NA,1734,NA,NA,NA,NA,NA,19197,"B","5/8/2020 13:00","b7f8c531addc2df51f14fa89b29a6821d47aad45","2020-05-08T20:00:00Z",1004,NA,477118,477118,477118,48,31,0,20737,1219,21956
20200507,"TX",35390,419772,NA,1750,NA,NA,NA,NA,NA,18440,"B","5/7/2020 13:00","d45b2d01a3363e6d595183fd93f6d7dfbcbde02f","2020-05-07T20:00:00Z",973,NA,455162,455162,455162,48,25,0,15256,968,16224
20200506,"TX",34422,404516,NA,1812,NA,NA,NA,NA,NA,17622,"B","5/6/2020 13:20","e3e1055c642b3e0d3990aa76bce02f31643fe0d1","2020-05-06T20:00:00Z",948,NA,438938,438938,438938,48,42,0,10675,1053,11728
20200505,"TX",33369,393841,NA,1888,NA,NA,NA,NA,NA,16791,"B","5/5/2020 13:15","e75eea9ddd3f02eba2ffa4dd8a2df79b71ce6547","2020-05-05T20:00:00Z",906,NA,427210,427210,427210,48,22,0,18775,1037,19812
20200504,"TX",32332,375066,NA,1533,NA,NA,NA,NA,NA,16090,"B","5/4/2020 13:15","cb36d38213b6cabb99b43ab2020f0788722627c8","2020-05-04T20:00:00Z",884,NA,407398,407398,407398,48,17,0,16054,784,16838
20200503,"TX",31548,359012,NA,1540,NA,NA,NA,NA,NA,15544,"B","5/2/2020 12:45","7286bb5e8d8547980a2d258ee8afb4b230ae09bf","2020-05-03T20:00:00Z",867,NA,390560,390560,390560,48,20,0,8886,1026,9912
20200502,"TX",30522,350126,NA,1725,NA,NA,NA,NA,NA,14891,"B","5/2/2020 12:45","7ebc8fbb29899c1275bdc2bb060c1eadff3e2696","2020-05-02T20:00:00Z",847,NA,380648,380648,380648,48,31,0,27580,1293,28873
20200501,"TX",29229,322546,NA,1778,NA,NA,NA,NA,NA,14122,"B","5/1/2020 13:00","400c4b1147e50f54f0d3c809ec06d31acc574d33","2020-05-01T20:00:00Z",816,NA,351775,351775,351775,48,34,0,20333,1142,21475
20200430,"TX",28087,302213,NA,1686,NA,NA,NA,NA,NA,13353,"B","4/29/2020 13:00","3e86b550121260ff7f07226c771b566316634b9d","2020-04-30T20:00:00Z",782,NA,330300,330300,330300,48,50,0,14477,1033,15510
20200429,"TX",27054,287736,NA,1702,NA,NA,NA,NA,NA,12507,"B","4/29/2020 13:00","7d17d5ccc8084f33e6993ab03832b02380225e76","2020-04-29T20:00:00Z",732,NA,314790,314790,314790,48,42,0,13523,883,14406
20200428,"TX",26171,274213,NA,1682,NA,NA,NA,NA,NA,11786,"B","4/28/2020 13:00","2593f001bb55c0370b076f6a6bafcb8e88a02d1c","2020-04-28T20:00:00Z",690,NA,300384,300384,300384,48,27,0,8993,874,9867
20200427,"TX",25297,265220,NA,1563,NA,NA,NA,NA,NA,11170,"B","4/27/2020 13:10","71e0a846ca395cb44d760afda797d76a58c2e3b6","2020-04-27T20:00:00Z",663,NA,290517,290517,290517,48,15,0,13830,666,14496
20200426,"TX",24631,251390,NA,1542,NA,NA,NA,NA,NA,10763,"B","4/26/2020 12:40","29637f963b5add57304a3f09d8c2c27cd12a343c","2020-04-26T20:00:00Z",648,NA,276021,276021,276021,48,25,0,12347,858,13205
20200425,"TX",23773,239043,NA,1597,NA,NA,NA,NA,NA,9986,"B","4/25/2020 13:00","c5cb5223ee422958c90d30c1bda432e9d722f5f7","2020-04-25T20:00:00Z",623,NA,262816,262816,262816,48,30,0,19302,967,20269
20200424,"TX",22806,219741,NA,1674,NA,NA,NA,NA,NA,9156,"A","4/24/2020 12:30","cfc7d7d8d8e5e4e2f63cafe53fd7f575cba8085e","2020-04-24T20:00:00Z",593,NA,242547,242547,242547,48,32,0,16607,862,17469
20200423,"TX",21944,203134,NA,1649,NA,NA,NA,NA,NA,8025,"A","4/23/2020 12:30","28e7069b8dd99bfb69bd325d2c342a078b38ecc1","2020-04-23T20:00:00Z",561,NA,225078,225078,225078,48,18,0,7420,875,8295
20200422,"TX",21069,195714,NA,1678,NA,NA,NA,NA,NA,7341,"A","4/22/2020 13:15","a0689bbda67a37abe8d2647b861e532de6a81dd3","2020-04-22T20:00:00Z",543,NA,216783,216783,216783,48,26,0,10511,873,11384
20200421,"TX",20196,185203,NA,1419,NA,NA,NA,NA,NA,6486,"A","4/21/2020 13:00","ec0c26abcb0e026a407bcd12c4fd79d73ec1acc9","2020-04-21T20:00:00Z",517,NA,205399,205399,205399,48,22,0,14267,738,15005
20200420,"TX",19458,170936,NA,1411,NA,NA,NA,NA,NA,5706,"A","4/20/2020 12:45","1832d8a3e16628cebf0685e1d7a88d96be6ad83a","2020-04-20T20:00:00Z",495,NA,190394,190394,190394,48,18,0,7149,535,7684
20200419,"TX",18923,163787,NA,1471,NA,NA,NA,NA,NA,5334,"A","4/19/2020 13:00","30c45b94d19beabfcb1ed7e182b48fe7ea3d782e","2020-04-19T20:00:00Z",477,NA,182710,182710,182710,48,24,0,5808,663,6471
20200418,"TX",18260,157979,NA,1321,NA,NA,NA,NA,NA,4806,"A","4/18/2020 13:45","febc81e94b5eada27b04c4abaf0c2f76a2567afa","2020-04-18T20:00:00Z",453,NA,176239,176239,176239,48,25,0,5814,889,6703
20200417,"TX",17371,152165,NA,1522,NA,NA,NA,NA,NA,4190,"A","4/17/2020 12:45","dd463910e3e39bf2d37ab96706da54f081cd616c","2020-04-17T20:00:00Z",428,NA,169536,169536,169536,48,35,0,10073,916,10989
20200416,"TX",16455,142092,NA,1459,NA,NA,NA,NA,NA,3677,"A","4/16/2020 13:00","3c396ea54e975a5a87e9c160fa2cd0b2f6f56b54","2020-04-16T20:00:00Z",393,NA,158547,158547,158547,48,29,0,5774,963,6737
20200415,"TX",15492,136318,NA,1538,NA,NA,NA,NA,NA,3150,"A","4/15/2020 13:00","ac78ad2ed71386f6a4c6d9802bf7702fa480e58f","2020-04-15T20:00:00Z",364,NA,151810,151810,151810,48,46,0,4475,868,5343
20200414,"TX",14624,131843,NA,1409,NA,NA,NA,NA,NA,2580,"A","4/14/2020 12:45","5d7fd0648e40e997d8a4f720b622a463ff658865","2020-04-14T20:00:00Z",318,NA,146467,146467,146467,48,31,0,12523,718,13241
20200413,"TX",13906,119320,NA,1176,NA,NA,NA,NA,NA,2269,"A","4/13/2020 12:45","dcb2598c2ad0880575ef06ebdcd1f2b97bfcdac0","2020-04-13T20:00:00Z",287,NA,133226,133226,133226,48,16,0,8271,422,8693
20200412,"TX",13484,111049,NA,1338,NA,NA,NA,NA,NA,2014,"A","4/11/2020 21:00","03b826e537c619d0b4fa61cf3c61aa7543fa6dff","2020-04-12T20:00:00Z",271,NA,124533,124533,124533,48,17,0,3077,923,4000
20200411,"TX",12561,107972,NA,1514,NA,NA,NA,NA,NA,1617,"A","4/11/2020 12:40","feb5a1f3f112cbb6be444af903cc4c79e5f1d40b","2020-04-11T20:00:00Z",254,NA,120533,120533,120533,48,28,0,3925,890,4815
20200410,"TX",11671,104047,NA,1532,NA,NA,NA,NA,NA,1366,"A","4/10/2020 13:00","fd65ec707cff94972adc4e59c019d25a7ef5767b","2020-04-10T20:00:00Z",226,NA,115718,115718,115718,48,27,0,8143,1441,9584
20200409,"TX",10230,95904,NA,1439,NA,NA,NA,NA,NA,1101,"A","4/9/2020 13:15","89970898529964095da7c8243a60c6e7a20f4f13","2020-04-09T20:00:00Z",199,NA,106134,106134,106134,48,22,0,8999,877,9876
20200408,"TX",9353,86905,NA,1491,NA,NA,NA,NA,NA,38,"A","4/8/2020 14:21","aad63fb55e4795e27f30e717ac588682ff62d8bb","2020-04-08T20:00:00Z",177,NA,96258,96258,96258,48,23,0,6518,1091,7609
20200407,"TX",8262,80387,NA,1252,NA,NA,NA,NA,NA,38,"A","4/6/2020 21:00","ea5f7730a3c138578dc7704cf579f4b3df5638c3","2020-04-07T20:00:00Z",154,NA,88649,88649,88649,48,14,0,2306,986,3292
20200406,"TX",7276,78081,NA,1153,NA,NA,NA,NA,NA,38,"A","4/5/2020 21:00","594cef2a8c6fcbc8eba602c7c5e33d868a55bbc7","2020-04-06T20:00:00Z",140,NA,85357,85357,85357,48,13,0,13955,464,14419
20200405,"TX",6812,64126,NA,827,NA,NA,NA,NA,NA,38,"A","4/5/2020 13:00","0c7a1ac735749982cf8155115b0e1d0b5fc35cae","2020-04-05T20:00:00Z",127,NA,70938,70938,70938,48,22,0,6485,702,7187
20200404,"TX",6110,57641,NA,196,NA,NA,NA,NA,NA,38,"A","4/3/2020 21:00","711655dbce2d14b472a5a6d8a1585bc44df2b6d1","2020-04-04T20:00:00Z",105,NA,63751,63751,63751,48,15,0,7207,780,7987
20200403,"TX",5330,50434,NA,196,NA,NA,NA,NA,NA,38,"A","4/2/2020 21:00","f87fe9a1e7e04e6840c7f1e73155acf02fb15641","2020-04-03T20:00:00Z",90,NA,55764,55764,55764,48,20,0,4424,661,5085
20200402,"TX",4669,46010,NA,196,NA,NA,NA,NA,NA,38,"A","4/1/2020 21:00","f456c71263d60aed1ff80f3a4195def2693e258b","2020-04-02T20:00:00Z",70,NA,50679,50679,50679,48,12,0,2150,672,2822
20200401,"TX",3997,43860,NA,196,NA,NA,NA,NA,NA,38,"A","3/31/2020 21:00","b46e747cecd02ee1955bde8adb6bfa7edc1a27f2","2020-04-01T20:00:00Z",58,NA,47857,47857,47857,48,17,0,4134,731,4865
20200331,"TX",3266,39726,NA,196,NA,NA,NA,NA,NA,38,"A","3/31/2020 13:45","35dc801ba2cef6824b0c9a97c5a2f57f3bb52804","2020-03-31T20:00:00Z",41,NA,42992,42992,42992,48,7,0,6723,389,7112
20200330,"TX",2877,33003,NA,NA,NA,NA,NA,NA,NA,38,"A","3/30/2020 12:45","c921c88eb1bf2827b20f8a533ec778d959a89d1a","2020-03-30T20:00:00Z",34,NA,35880,35880,35880,48,0,0,9795,325,10120
20200329,"TX",2552,23208,NA,NA,NA,NA,NA,NA,NA,NA,"A","3/29/2020 13:45","67244c50e7a878fd67c221dc8ab7fe1d4e50835c","2020-03-29T20:00:00Z",34,NA,25760,25760,25760,48,7,0,0,500,500
20200328,"TX",2052,23208,NA,NA,NA,NA,NA,NA,NA,NA,"A","3/28/2020 12:45","1731582d2f3336e58d58889c13bd45c05149c515","2020-03-28T20:00:00Z",27,NA,25260,25260,25260,48,4,0,1273,321,1594
20200327,"TX",1731,21935,NA,NA,NA,NA,NA,NA,NA,NA,"A","3/27/2020 13:00","2b18573393e9a459979c059753837f3f11e28995","2020-03-27T20:00:00Z",23,NA,23666,23666,23666,48,5,0,1907,335,2242
20200326,"TX",1396,20028,NA,NA,NA,NA,NA,NA,NA,NA,"A","3/26/2020 13:00","8d05dc79f19635cc610e7fd2ddc4788cd14b74da","2020-03-26T20:00:00Z",18,NA,21424,21424,21424,48,6,0,7508,422,7930
20200325,"TX",974,12520,NA,NA,NA,NA,NA,NA,NA,NA,"A","3/25/2020 12:30","58e98207985c7f64fa0cbd333ac2014f4ef5375f","2020-03-25T20:00:00Z",12,NA,13494,13494,13494,48,3,0,1763,564,2327
20200324,"TX",410,10757,NA,NA,NA,NA,NA,NA,NA,NA,"A","3/23/2020 21:00","894d8614af5c592964d2a9e576a4231a2583a29d","2020-03-24T20:00:00Z",9,NA,11167,11167,11167,48,1,0,1054,58,1112
20200323,"TX",352,9703,NA,NA,NA,NA,NA,NA,NA,NA,"A","3/23/2020 13:00","07e9dee831230ca7dc26bb043584140a45d7e5aa","2020-03-23T20:00:00Z",8,NA,10055,10055,10055,48,3,0,1281,18,1299
20200322,"TX",334,8422,NA,NA,NA,NA,NA,NA,NA,NA,"","3/21/2020 21:00","8156ddffdc59ddaf52d4bcebb89c0f5f34ef7445","2020-03-22T20:00:00Z",5,NA,8756,8756,8756,48,0,0,2204,30,2234
20200321,"TX",304,6218,NA,NA,NA,NA,NA,NA,NA,NA,"","3/21/2020 13:00","8e1276b48eda51dc0495f80dd6b663c52feeb0fe","2020-03-21T20:00:00Z",5,NA,6522,6522,6522,48,0,0,1135,110,1245
20200320,"TX",194,5083,NA,NA,NA,NA,NA,NA,NA,NA,"","3/20/2020 13:00","23bf3cf557b06275baeec7fb3da8fbce4009e33a","2020-03-20T20:00:00Z",5,NA,5277,5277,5277,48,2,0,2871,51,2922
20200319,"TX",143,2212,NA,NA,NA,NA,NA,NA,NA,NA,"","3/19/2020 13:00","efc3d4edcff2f658e420c3ca4361a14b6436e9da","2020-03-19T20:00:00Z",3,NA,2355,2355,2355,48,1,0,388,60,448
20200318,"TX",83,1824,NA,NA,NA,NA,NA,NA,NA,NA,"","3/18/2020 13:00","06be026230031b92469361a920e8765decf48742","2020-03-18T20:00:00Z",2,NA,1907,1907,1907,48,1,0,620,19,639
20200317,"TX",64,1204,NA,NA,NA,NA,NA,NA,NA,NA,"","3/17/2020 13:00","338691daf793e8d98f338ea86b6a7dba69a84353","2020-03-17T20:00:00Z",1,NA,1268,1268,1268,48,1,0,1204,7,1211
20200316,"TX",57,NA,NA,NA,NA,NA,NA,NA,NA,NA,"","3/16/2020 15:21","61002af3ab1ba6971324f11f1589de52dbd3af61","2020-03-16T20:00:00Z",NA,NA,57,57,57,48,0,0,0,1,1
20200315,"TX",56,NA,NA,NA,NA,NA,NA,NA,NA,NA,"","3/15/2020 13:00","381cd8bb00ec3e8a158b395952ee4606b6d371c6","2020-03-15T20:00:00Z",NA,NA,56,56,56,48,0,0,0,5,5
20200314,"TX",51,NA,NA,NA,NA,NA,NA,NA,NA,NA,"","3/14/2020 13:00","56ce5a6747c196b918e014253fdfc34523799baf","2020-03-14T20:00:00Z",NA,NA,51,51,51,48,0,0,0,12,12
20200313,"TX",39,NA,NA,NA,NA,NA,NA,NA,NA,NA,"","3/13/2020 00:00","8587599385560858292b40eea5f804187e8f8800","2020-03-13T20:00:00Z",NA,NA,39,39,39,48,0,0,0,16,16
20200312,"TX",23,NA,NA,NA,NA,NA,NA,NA,NA,NA,"","3/12/2020 11:00","d38ecd87207406a13bc1f4b675e5c78885081682","2020-03-12T20:00:00Z",NA,NA,23,23,23,48,0,0,0,2,2
20200311,"TX",21,NA,NA,NA,NA,NA,NA,NA,NA,NA,"","","cdd57a5e5141b6e094cc93557f67f00a2cfc8922","2020-03-11T20:00:00Z",NA,NA,21,21,21,48,0,0,0,8,8
20200310,"TX",13,NA,NA,NA,NA,NA,NA,NA,NA,NA,"","","8f2767e624ec9bd082250395a3bae8433810be92","2020-03-10T20:00:00Z",NA,NA,13,13,13,48,0,0,0,1,1
20200309,"TX",12,NA,NA,NA,NA,NA,NA,NA,NA,NA,"","","ce1a7b6da123358ddb3f0468becb807dcd2e379e","2020-03-09T20:00:00Z",NA,NA,12,12,12,48,0,0,0,4,4
20200308,"TX",8,NA,NA,NA,NA,NA,NA,NA,NA,NA,"","","7b7ff681a1cb8859cd033406312dd877625949cc","2020-03-08T20:00:00Z",NA,NA,8,8,8,48,0,0,0,0,0
20200307,"TX",8,NA,NA,NA,NA,NA,NA,NA,NA,NA,"","","6f1d6b5cca3d79a52466dd2371baee6aa137ca72","2020-03-07T21:00:00Z",NA,NA,8,8,8,48,0,0,0,3,3
20200306,"TX",5,NA,NA,NA,NA,NA,NA,NA,NA,NA,"","","ed908d3a1d66ac92c0d1c0ef6c35fa2240318f4c","2020-03-06T21:00:00Z",NA,NA,5,5,5,48,0,0,0,4,4
20200305,"TX",1,NA,NA,NA,NA,NA,NA,NA,NA,NA,"","","28da5dda553a784e6fc042af8ae84b8a273e51b0","2020-03-05T21:00:00Z",NA,NA,1,1,1,48,0,0,0,0,0
20200304,"TX",1,NA,NA,NA,NA,NA,NA,NA,NA,NA,"","","475388a7b62cf53115b57ee3b3fef9f25be7d22a","2020-03-04T21:00:00Z",NA,NA,1,1,1,48,NA,NA,NA,NA,NA
